23
0
1 1 1
1 0 1
1 0 1
1 0 1
1 1 1
1
0 1 0
0 1 0
0 1 0
0 1 0
0 1 0
2
1 1 1
0 0 1
1 1 1
1 0 0
1 1 1
3
1 1 1
0 0 1
0 1 1
0 0 1
1 1 1
4
1 0 1
1 0 1
1 1 1
0 0 1
0 0 1
5
1 1 1
1 0 0
1 1 1
0 0 1
1 1 1
6
1 1 1
1 0 0
1 1 1
1 0 1
1 1 1
7
1 1 1
0 0 1
0 0 1
0 0 1
0 0 1
8
1 1 1
1 0 1
1 1 1
1 0 1
1 1 1
9
1 1 1
1 0 1
1 1 1
0 0 1
1 1 1
.
0 0 0
0 0 0
0 0 0
0 0 0
0 1 0
+
0 0 0
0 1 0
1 1 1
0 1 0
0 0 0
-
0 0 0
0 0 0
1 1 1
0 0 0
0 0 0
=
0 0 0
1 1 1
0 0 0
1 1 1
0 0 0
x
1 0 1
1 0 1
0 1 0
1 0 1
1 0 1
y
1 0 1
1 0 1
0 1 0
0 1 0
0 1 0
z
1 1 1
0 0 1
0 1 0
1 0 0
1 1 1
X
1 0 1
1 0 1
0 1 0
1 0 1
1 0 1
Y
1 0 1
1 0 1
0 1 0
0 1 0
0 1 0
Z
1 1 1
0 0 1
0 1 0
1 0 0
1 1 1
^
0 1 0
1 0 1
0 0 0
0 0 0
0 0 0
E
1 1 1
1 0 0
1 1 1
1 0 0
1 1 1
e
1 1 1
1 0 0
1 1 1
1 0 0
1 1 1